isicr2	hs6
1110	010111
1110	010119
1110	010120
1110	010210
1110	010290
1110	010310
1110	010391
1110	010392
1110	010410
1110	010420
1110	010511
1110	010519
1110	010591
1110	010599
1130	010600
3111	020110
3111	020120
3111	020130
3111	020210
3111	020220
3111	020230
3111	020311
3111	020312
3111	020319
3111	020321
3111	020322
3111	020329
3111	020410
3111	020421
3111	020422
3111	020423
3111	020430
3111	020441
3111	020442
3111	020443
3111	020450
3111	020500
3111	020610
3111	020621
3111	020622
3111	020629
3111	020630
3111	020641
3111	020649
3111	020680
3111	020690
3111	020710
3111	020721
3111	020722
3111	020723
3111	020731
3111	020739
3111	020741
3111	020742
3111	020743
3111	020750
3111	020810
3111	020820
3111	020890
3111	020900
3111	021011
3111	021012
3111	021019
3111	021020
3111	021090
1301	030110
1301	030191
1301	030192
1301	030193
1301	030199
1301	030211
1301	030212
1301	030219
1301	030221
1301	030222
1301	030223
1301	030229
1301	030231
1301	030232
1301	030233
1301	030239
1301	030240
1301	030250
1301	030261
1301	030262
1301	030263
1301	030264
1301	030265
1301	030266
1301	030269
1301	030270
1301	030310
1301	030321
1301	030322
1301	030329
1301	030331
1301	030332
1301	030333
1301	030339
1301	030341
1301	030342
1301	030343
1301	030349
1301	030350
1301	030360
1301	030371
1301	030372
1301	030373
1301	030374
1301	030375
1301	030376
1301	030377
1301	030378
1301	030379
1301	030380
1301	030410
1301	030420
1301	030490
1301	030510
1301	030520
1301	030530
1301	030541
1301	030542
1301	030549
1301	030551
1301	030559
1301	030561
1301	030562
1301	030563
1301	030569
1301	030611
1301	030612
1301	030613
1301	030614
1301	030619
1301	030621
1301	030622
1301	030623
1301	030624
1301	030629
1301	030710
1301	030721
1301	030729
1301	030731
1301	030739
1301	030741
1301	030749
1301	030751
1301	030759
3111	030760
1301	030791
1301	030799
3112	040110
3112	040120
3112	040130
3112	040210
3112	040221
3112	040229
3112	040291
3112	040299
3112	040310
3112	040390
3112	040410
3112	040490
3112	040500
3112	040610
3112	040620
3112	040630
3112	040640
3112	040690
1110	040700
3112	040811
3112	040819
3112	040891
3112	040899
1110	040900
1110	041000
9999	050100
3111	050210
3111	050290
3211	050300
3111	050400
1110	050510
1110	050590
3111	050610
3111	050690
3111	050710
3111	050790
1302	050800
1301	050900
1130	051000
3111	051110
3114	051191
3111	051199
1110	060110
1110	060120
1110	060210
1110	060220
1110	060230
1110	060240
1110	060291
1110	060299
1110	060310
1110	060390
1110	060410
1110	060491
1110	060499
1110	070110
1110	070190
1110	070200
1110	070310
1110	070320
1110	070390
1110	070410
1110	070420
1110	070490
1110	070511
1110	070519
1110	070521
1110	070529
1110	070610
1110	070690
1110	070700
1110	070810
1110	070820
1110	070890
1110	070910
1110	070920
1110	070930
1110	070940
1110	070951
1110	070952
1110	070960
1110	070970
1110	070990
3113	071010
3113	071021
3113	071022
3113	071029
3113	071030
3121	071040
3113	071080
3113	071090
3113	071110
3113	071120
3113	071130
3113	071140
3113	071190
3113	071210
3113	071220
3113	071230
3113	071290
1110	071310
1110	071320
1110	071331
1110	071332
1110	071333
1110	071339
1110	071340
1110	071350
1110	071390
1110	071410
1110	071420
1110	071490
1110	080110
1110	080120
1110	080130
1110	080211
1110	080212
1110	080221
1110	080222
1110	080231
1110	080232
1110	080240
1110	080250
1110	080290
1110	080300
1110	080410
1110	080420
1110	080430
1110	080440
1110	080450
1110	080510
1110	080520
1110	080530
1110	080540
1110	080590
1110	080610
1110	080620
1110	080710
1110	080720
1110	080810
1110	080820
1110	080910
1110	080920
1110	080930
1110	080940
1110	081010
1110	081020
1110	081030
1110	081040
1110	081090
3113	081110
3113	081120
3113	081190
3113	081210
3113	081220
3113	081290
1110	081310
1110	081320
1110	081330
1110	081340
1110	081350
3113	081400
1110	090111
1110	090112
3121	090121
3121	090122
1110	090130
3121	090140
1110	090210
1110	090220
1110	090230
1110	090240
1110	090300
1110	090411
1110	090412
1110	090420
1110	090500
1110	090610
1110	090620
1110	090700
1110	090810
1110	090820
1110	090830
1110	090910
1110	090920
1110	090930
1110	090940
1110	090950
1110	091010
1110	091020
1110	091030
1110	091040
1110	091050
1110	091091
1110	091099
1110	100110
1110	100190
1110	100200
1110	100300
1110	100400
1110	100510
1110	100590
1110	100610
1110	100620
3116	100630
3116	100640
1110	100700
1110	100810
1110	100820
1110	100830
1110	100890
3116	110100
3116	110210
3116	110220
3116	110230
3116	110290
3116	110311
3116	110312
3116	110313
3116	110314
3116	110319
3116	110321
3116	110329
3116	110411
3116	110412
3116	110419
3116	110421
3116	110422
3116	110423
3116	110429
3116	110430
3116	110510
3116	110520
3116	110610
3116	110620
3116	110630
3133	110710
3133	110720
3121	110811
3121	110812
3121	110813
3121	110814
3121	110819
3121	110820
3121	110900
1110	120100
1110	120210
1110	120220
1110	120300
1110	120400
1110	120500
1110	120600
1110	120710
3211	120720
1110	120730
1110	120740
1110	120750
1110	120760
1110	120791
1110	120792
1110	120799
3115	120810
3115	120890
1110	120911
1110	120919
1110	120921
1110	120922
1110	120923
1110	120924
1110	120925
1110	120926
1110	120929
1110	120930
1110	120991
1110	120999
1110	121010
1110	121020
1210	121110
1210	121120
1210	121190
1110	121210
1210	121220
1110	121230
1110	121291
1110	121292
1110	121299
1110	121300
1110	121410
1110	121490
1110	130110
1110	130120
1110	130190
1210	130211
1210	130212
1210	130213
1210	130214
1210	130219
1210	130220
1210	130231
1210	130232
1210	130239
1110	140110
1110	140120
1110	140190
3219	140210
3219	140291
3219	140299
1110	140310
1110	140390
1210	140410
3211	140420
1210	140490
3111	150100
3111	150200
3111	150300
3114	150410
3114	150420
3114	150430
3111	150510
3111	150590
3111	150600
3115	150710
3115	150790
3115	150810
3115	150890
3115	150910
3115	150990
3115	151000
3115	151110
3115	151190
3115	151211
3115	151219
3115	151221
3115	151229
3115	151311
3115	151319
3115	151321
3115	151329
3115	151410
3115	151490
3115	151511
3115	151519
3115	151521
3115	151529
3115	151530
3115	151540
3115	151550
3115	151560
3115	151590
3115	151610
3115	151620
3115	151710
3115	151790
3115	151800
3115	151911
3115	151912
3115	151913
3115	151919
3115	151920
3511	151930
3523	152010
3523	152090
3115	152110
3115	152190
3115	152200
3111	160100
3111	160210
3111	160220
3111	160231
3111	160239
3111	160241
3111	160242
3111	160249
3111	160250
3111	160290
3111	160300
3114	160411
3114	160412
3114	160413
3114	160414
3114	160415
3114	160416
3114	160419
3114	160420
3114	160430
3114	160510
3114	160520
3114	160530
3114	160540
3114	160590
3118	170111
3118	170112
3118	170191
3118	170199
3118	170210
3118	170220
3118	170230
3118	170240
3511	170250
3118	170260
3118	170290
3118	170310
3118	170390
3119	170410
3119	170490
1110	180100
3119	180200
3119	180310
3119	180320
3119	180400
3119	180500
3119	180610
3119	180620
3119	180631
3119	180632
3119	180690
3117	190110
3117	190120
3117	190190
3117	190211
3117	190219
3117	190220
3117	190230
3117	190240
3121	190300
3116	190410
3116	190490
3117	190510
3117	190520
3117	190530
3117	190540
3117	190590
3113	200110
3113	200120
3113	200190
3113	200210
3113	200290
3113	200310
3113	200320
3113	200410
3113	200490
3121	200510
3113	200520
3113	200530
3113	200540
3113	200551
3113	200559
3113	200560
3113	200570
3121	200580
3113	200590
3119	200600
3113	200710
3113	200791
3113	200799
3113	200811
3113	200819
3113	200820
3113	200830
3113	200840
3113	200850
3113	200860
3113	200870
3113	200880
3113	200891
3113	200892
3113	200899
3113	200911
3113	200919
3113	200920
3113	200930
3113	200940
3113	200950
3113	200960
3113	200970
3113	200980
3113	200990
3121	210110
3121	210120
3121	210130
3121	210210
3121	210220
3121	210230
3121	210310
3121	210320
3121	210330
3121	210390
3121	210410
3121	210420
3121	210500
3121	210610
3121	210690
3134	220110
3134	220190
3134	220210
3134	220290
3133	220300
3132	220410
3132	220421
3132	220429
3131	220430
3132	220510
3132	220590
3132	220600
3511	220710
3511	220720
3134	220810
3134	220820
3134	220830
3134	220840
3134	220850
3134	220890
3121	220900
3111	230110
3114	230120
3116	230210
3116	230220
3116	230230
3116	230240
3116	230250
3118	230310
3118	230320
3118	230330
3115	230400
3115	230500
3115	230610
3115	230620
3115	230630
3115	230640
3115	230650
3115	230660
3115	230690
3132	230700
1110	230810
1110	230890
3122	230910
3122	230990
1110	240110
1110	240120
1110	240130
3140	240210
3140	240220
3140	240290
3140	240310
3140	240391
3140	240399
2903	250100
2902	250200
2902	250310
2902	250390
2909	250410
2909	250490
2901	250510
2901	250590
2909	250610
2909	250621
2909	250629
2901	250700
2901	250810
2901	250820
2901	250830
2901	250840
2901	250850
2901	250860
2901	250870
2901	250900
2902	251010
2902	251020
2902	251110
2902	251120
2909	251200
2909	251311
2909	251319
2909	251321
2909	251329
2901	251400
2901	251511
2901	251512
2901	251520
2901	251611
2901	251612
2901	251621
2901	251622
2901	251690
2901	251710
2901	251720
2901	251730
2901	251741
2901	251749
2901	251810
2901	251820
2901	251830
2901	251910
2901	251990
2901	252010
2901	252020
2901	252100
3692	252210
3692	252220
3692	252230
3692	252310
3692	252321
3692	252329
3692	252330
3692	252390
2909	252400
2909	252510
2909	252520
2909	252530
2909	252610
2909	252620
2909	252700
2902	252810
2902	252890
2909	252910
2909	252921
2909	252922
2909	252930
2902	253010
2902	253020
2902	253030
2902	253040
2902	253090
2301	260111
2301	260112
3511	260120
2302	260200
2302	260300
2302	260400
2302	260500
2302	260600
2302	260700
2302	260800
2302	260900
2302	261000
2302	261100
2302	261210
2302	261220
2302	261310
2302	261390
2302	261400
2302	261510
2302	261590
2302	261610
2302	261690
2302	261710
2302	261790
3710	261800
3710	261900
3720	262011
3720	262019
3720	262020
3720	262030
3720	262040
3720	262050
3720	262090
3710	262100
2100	270111
2100	270112
2100	270119
2100	270120
2100	270210
2100	270220
2909	270300
3540	270400
9999	270500
3530	270600
3530	270710
3530	270720
3530	270730
3530	270740
3530	270750
3530	270760
3530	270791
3530	270799
3530	270810
3540	270820
2200	270900
3530	271000
2200	271111
2200	271112
2200	271113
2200	271114
2200	271119
2200	271121
2200	271129
3530	271210
3530	271220
3530	271290
3530	271311
3530	271312
3530	271320
3530	271390
2909	271410
2909	271490
3530	271500
4101	271600
3511	280110
3511	280120
3511	280130
3511	280200
3529	280300
3511	280410
3511	280421
3511	280429
3511	280430
3511	280440
3511	280450
3511	280461
3511	280469
3511	280470
3511	280480
3511	280490
3511	280511
3511	280519
3511	280521
3511	280522
3511	280530
3511	280540
3511	280610
3511	280620
3511	280700
3511	280800
3511	280910
3511	280920
3511	281000
3511	281111
3511	281119
3511	281121
3511	281122
3511	281123
3511	281129
3511	281210
3511	281290
3511	281310
3511	281390
3511	281410
3511	281420
3511	281511
3511	281512
3511	281520
3511	281530
3511	281610
3511	281620
3511	281630
3511	281700
3511	281810
3511	281820
3511	281830
3511	281910
3511	281990
3511	282010
3511	282090
3511	282110
3511	282120
3511	282200
3511	282300
3511	282410
3511	282420
3511	282490
3511	282510
3511	282520
3511	282530
3511	282540
3511	282550
3511	282560
3511	282570
3511	282580
3511	282590
3511	282611
3511	282612
3511	282619
3511	282620
3511	282630
3511	282690
3511	282710
3511	282720
3511	282731
3511	282732
3511	282733
3511	282734
3511	282735
3511	282736
3511	282737
3511	282738
3511	282739
3511	282741
3511	282749
3511	282751
3511	282759
3511	282760
3511	282810
3511	282890
3511	282911
3511	282919
3511	282990
3511	283010
3511	283020
3511	283030
3511	283090
3511	283110
3511	283190
3511	283210
3511	283220
3511	283230
3511	283311
3511	283319
3511	283321
3511	283322
3511	283323
3511	283324
3511	283325
3511	283326
3511	283327
3511	283329
3511	283330
3511	283340
3511	283410
3511	283421
3511	283422
3511	283429
3511	283510
3511	283521
3511	283522
3511	283523
3511	283524
3511	283525
3511	283526
3511	283529
3511	283531
3511	283539
3511	283610
3511	283620
3511	283630
3511	283640
3511	283650
3511	283660
3511	283670
3511	283691
3511	283692
3511	283693
3511	283699
3511	283711
3511	283719
3511	283720
3511	283800
3511	283911
3511	283919
3511	283920
3511	283990
3511	284011
3511	284019
3511	284020
3511	284030
3511	284110
3511	284120
3511	284130
3511	284140
3511	284150
3511	284160
3511	284170
3511	284180
3511	284190
3511	284210
3511	284290
3511	284310
3511	284321
3511	284329
3511	284330
3511	284390
3511	284410
3511	284420
3720	284430
3511	284440
3511	284450
3511	284510
3511	284590
3511	284610
3511	284690
3511	284700
3511	284810
3511	284890
3511	284910
3511	284920
3511	284990
3511	285000
3511	285100
3511	290110
3511	290121
3511	290122
3511	290123
3511	290124
3511	290129
3511	290211
3511	290219
3511	290220
3511	290230
3511	290241
3511	290242
3511	290243
3511	290244
3511	290250
3511	290260
3511	290270
3511	290290
3511	290311
3511	290312
3511	290313
3511	290314
3511	290315
3511	290316
3511	290319
3511	290321
3511	290322
3511	290323
3511	290329
3511	290330
3511	290340
3511	290351
3511	290359
3511	290361
3511	290362
3511	290369
3511	290410
3511	290420
3511	290490
3511	290511
3511	290512
3511	290513
3511	290514
3511	290515
3511	290516
3511	290517
3511	290519
3511	290521
3511	290522
3511	290529
3511	290531
3511	290532
3511	290539
3511	290541
3511	290542
3511	290543
3511	290544
3511	290549
3511	290550
3511	290611
3511	290612
3511	290613
3511	290614
3511	290619
3511	290621
3511	290629
3511	290711
3511	290712
3511	290713
3511	290714
3511	290715
3511	290719
3511	290721
3511	290722
3511	290723
3511	290729
3511	290730
3511	290810
3511	290820
3511	290890
3511	290911
3511	290919
3511	290920
3511	290930
3511	290941
3511	290942
3511	290943
3511	290944
3511	290949
3511	290950
3511	290960
3511	291010
3511	291020
3511	291030
3511	291090
3511	291100
3511	291211
3511	291212
3511	291213
3511	291219
3511	291221
3511	291229
3511	291230
3511	291241
3511	291242
3511	291249
3511	291250
3511	291260
3511	291300
3511	291411
3511	291412
3511	291413
3511	291419
3511	291421
3511	291422
3511	291423
3511	291429
3511	291430
3511	291441
3511	291449
3511	291450
3511	291461
3511	291469
3511	291470
3511	291511
3511	291512
3511	291513
3511	291521
3511	291522
3511	291523
3511	291524
3511	291529
3511	291531
3511	291532
3511	291533
3511	291534
3511	291535
3511	291539
3511	291540
3511	291550
3511	291560
3511	291570
3511	291590
3511	291611
3511	291612
3511	291613
3511	291614
3511	291615
3511	291619
3511	291620
3511	291631
3511	291632
3511	291633
3511	291639
3511	291711
3511	291712
3511	291713
3511	291714
3511	291719
3511	291720
3511	291731
3511	291732
3511	291733
3511	291734
3511	291735
3511	291736
3511	291737
3511	291739
3511	291811
3511	291812
3511	291813
3511	291814
3511	291815
3511	291816
3511	291817
3511	291819
3511	291821
3511	291822
3511	291823
3511	291829
3511	291830
3511	291890
3511	291900
3511	292010
3511	292090
3511	292111
3511	292112
3511	292119
3511	292121
3511	292122
3511	292129
3511	292130
3511	292141
3511	292142
3511	292143
3511	292144
3511	292145
3511	292149
3511	292151
3511	292159
3511	292211
3511	292212
3511	292213
3511	292219
3511	292221
3511	292222
3511	292229
3511	292230
3511	292241
3511	292242
3511	292249
3511	292250
3511	292310
3511	292320
3511	292390
3511	292410
3511	292421
3511	292429
3511	292511
3511	292519
3511	292520
3511	292610
3511	292620
3511	292690
3511	292700
3511	292800
3511	292910
3511	292990
3511	293010
3511	293020
3511	293030
3511	293040
3511	293090
3511	293100
3511	293211
3511	293212
3511	293213
3511	293219
3511	293221
3511	293229
3511	293290
3511	293311
3511	293319
3511	293321
3511	293329
3511	293331
3511	293339
3511	293340
3511	293351
3511	293359
3511	293361
3511	293369
3511	293371
3511	293379
3511	293390
3511	293410
3511	293420
3511	293430
3511	293490
3511	293500
3522	293610
3522	293621
3522	293622
3522	293623
3522	293624
3522	293625
3522	293626
3522	293627
3522	293628
3522	293629
3522	293690
3522	293710
3522	293721
3522	293722
3522	293729
3522	293791
3522	293792
3522	293799
3522	293810
3522	293890
3522	293910
3522	293921
3522	293929
3522	293930
3522	293940
3522	293950
3522	293960
3522	293970
3522	293990
3511	294000
3522	294110
3522	294120
3522	294130
3522	294140
3522	294150
3522	294190
3511	294200
3522	300110
3522	300120
3522	300190
3522	300210
3522	300220
3522	300231
3522	300239
3522	300290
3522	300310
3522	300320
3522	300331
3522	300339
3522	300340
3522	300390
3522	300410
3522	300420
3522	300431
3522	300432
3522	300439
3522	300440
3522	300450
3522	300490
3851	300510
3851	300590
3522	300610
3522	300620
3522	300630
3522	300640
3522	300650
3522	300660
2902	310100
3512	310210
3512	310221
3512	310229
3512	310230
3512	310240
2902	310250
3512	310260
3512	310270
3512	310280
3512	310290
3512	310310
3710	310320
3512	310390
2902	310410
3512	310420
3512	310430
3512	310490
3512	310510
3512	310520
3512	310530
3512	310540
3512	310551
3512	310559
3512	310560
3512	310590
3511	320110
3511	320120
3511	320130
3511	320190
3511	320210
3511	320290
3511	320300
3511	320411
3511	320412
3511	320413
3511	320414
3511	320415
3511	320416
3511	320417
3511	320419
3511	320420
3511	320490
3511	320500
3511	320610
3511	320620
3511	320630
3511	320641
3511	320642
3511	320643
3511	320649
3511	320650
3511	320710
3511	320720
3511	320730
3511	320740
3521	320810
3521	320820
3521	320890
3521	320910
3521	320990
3521	321000
3521	321100
3521	321210
3521	321290
9999	321310
9999	321390
3521	321410
3521	321490
3529	321511
3529	321519
3529	321590
3529	330111
3529	330112
3529	330113
3529	330114
3529	330119
3529	330121
3529	330122
3529	330123
3529	330124
3529	330125
3529	330126
3529	330129
3529	330130
3529	330190
3529	330210
3529	330290
3523	330300
3523	330410
3523	330420
3523	330430
3523	330491
3523	330499
3523	330510
3523	330520
3523	330530
3523	330590
3523	330610
3523	330690
3523	330710
3523	330720
3523	330730
3523	330741
3523	330749
3523	330790
3523	340111
3523	340119
3523	340120
3523	340211
3523	340212
3523	340213
3523	340219
3523	340220
3523	340290
3530	340311
3530	340319
3530	340391
3530	340399
3529	340410
3529	340420
3529	340490
3523	340510
3523	340520
3523	340530
3523	340540
3523	340590
3529	340600
3851	340700
3112	350110
3112	350190
3121	350210
3121	350290
3529	350300
3511	350400
3121	350510
3121	350520
3529	350610
3529	350691
3529	350699
3511	350710
3511	350790
3529	360100
3529	360200
3529	360300
3529	360410
3529	360490
3529	360500
3511	360610
3511	360690
3529	370110
3529	370120
3529	370130
3529	370191
3529	370199
3529	370210
3529	370220
3529	370231
3529	370232
3529	370239
3529	370241
3529	370242
3529	370243
3529	370244
3529	370251
3529	370252
3529	370253
3529	370254
3529	370255
3529	370256
3529	370291
3529	370292
3529	370293
3529	370294
3529	370295
3529	370310
3529	370320
3529	370390
3529	370400
9999	370510
9999	370520
9999	370590
9999	370610
9999	370690
3529	370710
3529	370790
3511	380110
3511	380120
3511	380130
3511	380190
3511	380210
3511	380290
3511	380300
3411	380400
3511	380510
3511	380520
3511	380590
3511	380610
3511	380620
3511	380630
3511	380690
3511	380700
3512	380810
3512	380820
3512	380830
3512	380840
3512	380890
3529	380910
3529	380991
3529	380992
3529	380999
3529	381010
3529	381090
3529	381111
3529	381119
3529	381121
3529	381129
3529	381190
3511	381210
3511	381220
3511	381230
3529	381300
3521	381400
3540	381511
3540	381512
3540	381519
3540	381590
3691	381600
3511	381710
3511	381720
3511	381800
3511	381900
3511	382000
3522	382100
3511	382200
3511	382310
3511	382320
3511	382330
3511	382340
3511	382350
3511	382360
3511	382390
3513	390110
3513	390120
3513	390130
3513	390190
3513	390210
3513	390220
3513	390230
3513	390290
3513	390311
3513	390319
3513	390320
3513	390330
3513	390390
3513	390410
3513	390421
3513	390422
3513	390430
3513	390440
3513	390450
3513	390461
3513	390469
3513	390490
3513	390511
3513	390519
3513	390520
3513	390590
3513	390610
3513	390690
3513	390710
3513	390720
3513	390730
3513	390740
3513	390750
3513	390760
3513	390791
3513	390799
3513	390810
3513	390890
3513	390910
3513	390920
3513	390930
3513	390940
3513	390950
3513	391000
3513	391110
3513	391190
3513	391211
3513	391212
3513	391220
3513	391231
3513	391239
3513	391290
3513	391310
3513	391390
3513	391400
3513	391510
3513	391520
3513	391530
3513	391590
3513	391610
3513	391620
3513	391690
3560	391710
3560	391721
3560	391722
3560	391723
3560	391729
3560	391731
3560	391732
3560	391733
3560	391739
3560	391740
3560	391810
3560	391890
3560	391910
3560	391990
3513	392010
3513	392020
3513	392030
3513	392041
3513	392042
3513	392051
3513	392059
3513	392061
3513	392062
3513	392063
3513	392069
3513	392071
3513	392072
3513	392073
3513	392079
3513	392091
3513	392092
3513	392093
3513	392094
3513	392099
3513	392111
3513	392112
3513	392113
3513	392114
3513	392119
3513	392190
3560	392210
3560	392220
3560	392290
3560	392310
3560	392321
3560	392329
3560	392330
3560	392340
3560	392350
3560	392390
3560	392410
3560	392490
3560	392510
3560	392520
3560	392530
3560	392590
3560	392610
3220	392620
3560	392630
3560	392640
3560	392690
1110	400110
1110	400121
1110	400122
1110	400129
1110	400130
3513	400211
3513	400219
3513	400220
3513	400231
3513	400239
3513	400241
3513	400249
3513	400251
3513	400259
3513	400260
3513	400270
1110	400280
3513	400291
3513	400299
3559	400300
3559	400400
3559	400510
3559	400520
3559	400591
3559	400599
3559	400610
3559	400690
3559	400700
3559	400811
3559	400819
3559	400821
3559	400829
3559	400910
3559	400920
3559	400930
3559	400940
3559	400950
3559	401010
3559	401091
3559	401099
3551	401110
3551	401120
3551	401130
3551	401140
3551	401150
3551	401191
3551	401199
3551	401210
3551	401220
3551	401290
3551	401310
3551	401320
3551	401390
3559	401410
3559	401490
3220	401511
3220	401519
3220	401590
3559	401610
3559	401691
3559	401692
3559	401693
3559	401694
3559	401695
3559	401699
3559	401700
3111	410110
3111	410121
3111	410122
3111	410129
3111	410130
3111	410140
3111	410210
3111	410221
3111	410229
1110	410310
1130	410320
1130	410390
3231	410410
3231	410421
3231	410422
3231	410429
3231	410431
3231	410439
3231	410511
3231	410512
3231	410519
3231	410520
3231	410611
3231	410612
3231	410619
3231	410620
3231	410710
3231	410721
3231	410729
3231	410790
3231	410800
3231	410900
3220	411000
3231	411100
3233	420100
3233	420211
3233	420212
3233	420219
3233	420221
3233	420222
3233	420229
3233	420231
3233	420232
3233	420239
3233	420291
3233	420292
3233	420299
3220	420310
3220	420321
3220	420329
3220	420330
3220	420340
3233	420400
3233	420500
3903	420610
3903	420690
1110	430110
1130	430120
1130	430130
1130	430140
1130	430150
1130	430160
1130	430170
1130	430180
1130	430190
3232	430211
3232	430212
3232	430213
3232	430219
3232	430220
3232	430230
3220	430310
3220	430390
3220	430400
1210	440110
1220	440121
1220	440122
1220	440130
1210	440200
1220	440310
1220	440320
1220	440331
1220	440332
1220	440333
1220	440334
1220	440335
1220	440391
1220	440392
1220	440399
1220	440410
1220	440420
3311	440500
3311	440610
3311	440690
3311	440710
3311	440721
3311	440722
3311	440723
3311	440791
3311	440792
3311	440799
3311	440810
3311	440820
3311	440890
3311	440910
3311	440920
3311	441010
3311	441090
3411	441111
3411	441119
3411	441121
3411	441129
3411	441131
3411	441139
3411	441191
3411	441199
3311	441211
3311	441212
3311	441219
3311	441221
3311	441229
3311	441291
3311	441299
3311	441300
3319	441400
3312	441510
3312	441520
3312	441600
3319	441700
3311	441810
3311	441820
3311	441830
3311	441840
3311	441850
3311	441890
3319	441900
3312	442010
3312	442090
3311	442110
3311	442190
1210	450110
1210	450190
3319	450200
3319	450310
3319	450390
3319	450410
3319	450490
3214	460110
3214	460120
3214	460191
3214	460199
3909	460210
3909	460290
3411	470100
3411	470200
3411	470311
3411	470319
3411	470321
3411	470329
3411	470411
3411	470419
3411	470421
3411	470429
3411	470500
3411	470610
3411	470691
3411	470692
3411	470693
3411	470710
3411	470720
3411	470730
3411	470790
3411	480100
3411	480210
3411	480220
3411	480230
3411	480240
3411	480251
3411	480252
3411	480253
3411	480260
3411	480300
3411	480411
3411	480419
3411	480421
3411	480429
3411	480431
3411	480439
3411	480441
3411	480442
3411	480449
3411	480451
3411	480452
3411	480459
3411	480510
3411	480521
3411	480522
3411	480523
3411	480529
3411	480530
3411	480540
3411	480550
3411	480560
3411	480570
3411	480580
3411	480610
3411	480620
3411	480630
3411	480640
3411	480710
3411	480791
3411	480799
3411	480810
3411	480820
3411	480830
3411	480890
3411	480910
3411	480920
3411	480990
3411	481011
3411	481012
3411	481021
3411	481029
3411	481031
3411	481032
3411	481039
3411	481091
3411	481099
3411	481110
3411	481121
3411	481129
3411	481131
3411	481139
3411	481140
3411	481190
3419	481200
3419	481310
3419	481320
3419	481390
3419	481410
3419	481420
3419	481430
3419	481490
3219	481500
3909	481610
3909	481620
3909	481630
3909	481690
3419	481710
3419	481720
3419	481730
3411	481810
3411	481820
3411	481830
3411	481840
3411	481850
3411	481890
3412	481910
3412	481920
3412	481930
3412	481940
3412	481950
3412	481960
3420	482010
3420	482020
3420	482030
3420	482040
3420	482050
3420	482090
3420	482110
3420	482190
3412	482210
3412	482290
3411	482311
3411	482319
3411	482320
3411	482330
3411	482340
3411	482351
3411	482359
3411	482360
3411	482370
3411	482390
3420	490110
3420	490191
3420	490199
3420	490210
3420	490290
3420	490300
3420	490400
3420	490510
3420	490591
3420	490599
3420	490600
3420	490700
3420	490810
3420	490890
3420	490900
3420	491000
3420	491110
3420	491191
3420	491199
1110	500100
1110	500200
3211	500310
3211	500390
3211	500400
3211	500500
3211	500600
3211	500710
3211	500720
3211	500790
1110	510111
1110	510119
3211	510121
3211	510129
3211	510130
1110	510210
3211	510220
3211	510310
3211	510320
3211	510330
3211	510400
3211	510510
3211	510521
3211	510529
3211	510530
3211	510540
3211	510610
3211	510620
3211	510710
3211	510720
3211	510810
3211	510820
3211	510910
3211	510990
3211	511000
3211	511111
3211	511119
3211	511120
3211	511130
3211	511190
3211	511211
3211	511219
3211	511220
3211	511230
3211	511290
3211	511300
1110	520100
3211	520210
3211	520291
3211	520299
3211	520300
3211	520411
3211	520419
3211	520420
3211	520511
3211	520512
3211	520513
3211	520514
3211	520515
3211	520521
3211	520522
3211	520523
3211	520524
3211	520525
3211	520531
3211	520532
3211	520533
3211	520534
3211	520535
3211	520541
3211	520542
3211	520543
3211	520544
3211	520545
3211	520611
3211	520612
3211	520613
3211	520614
3211	520615
3211	520621
3211	520622
3211	520623
3211	520624
3211	520625
3211	520631
3211	520632
3211	520633
3211	520634
3211	520635
3211	520641
3211	520642
3211	520643
3211	520644
3211	520645
3211	520710
3211	520790
3211	520811
3211	520812
3211	520813
3211	520819
3211	520821
3211	520822
3211	520823
3211	520829
3211	520831
3211	520832
3211	520833
3211	520839
3211	520841
3211	520842
3211	520843
3211	520849
3211	520851
3211	520852
3211	520853
3211	520859
3211	520911
3211	520912
3211	520919
3211	520921
3211	520922
3211	520929
3211	520931
3211	520932
3211	520939
3211	520941
3211	520942
3211	520943
3211	520949
3211	520951
3211	520952
3211	520959
3211	521011
3211	521012
3211	521019
3211	521021
3211	521022
3211	521029
3211	521031
3211	521032
3211	521039
3211	521041
3211	521042
3211	521049
3211	521051
3211	521052
3211	521059
3211	521111
3211	521112
3211	521119
3211	521121
3211	521122
3211	521129
3211	521131
3211	521132
3211	521139
3211	521141
3211	521142
3211	521143
3211	521149
3211	521151
3211	521152
3211	521159
3211	521211
3211	521212
3211	521213
3211	521214
3211	521215
3211	521221
3211	521222
3211	521223
3211	521224
3211	521225
1110	530110
1110	530121
1110	530129
3211	530130
1110	530210
1110	530290
1110	530310
1110	530390
1110	530410
1110	530490
1110	530511
1110	530519
1110	530521
1110	530529
1110	530591
1110	530599
3211	530610
3211	530620
3211	530710
3211	530720
3211	530810
3211	530820
3211	530830
3211	530890
3211	530911
3211	530919
3211	530921
3211	530929
3211	531010
3211	531090
3211	531100
3211	540110
3211	540120
3211	540210
3211	540220
3211	540231
3211	540232
3211	540233
3211	540239
3211	540241
3211	540242
3211	540243
3211	540249
3211	540251
3211	540252
3211	540259
3211	540261
3211	540262
3211	540269
3211	540310
3211	540320
3211	540331
3211	540332
3211	540333
3211	540339
3211	540341
3211	540342
3211	540349
3211	540410
3211	540490
3211	540500
3211	540610
3211	540620
3211	540710
3211	540720
3211	540730
3211	540741
3211	540742
3211	540743
3211	540744
3211	540751
3211	540752
3211	540753
3211	540754
3211	540760
3211	540771
3211	540772
3211	540773
3211	540774
3211	540781
3211	540782
3211	540783
3211	540784
3211	540791
3211	540792
3211	540793
3211	540794
3211	540810
3211	540821
3211	540822
3211	540823
3211	540824
3211	540831
3211	540832
3211	540833
3211	540834
3513	550110
3513	550120
3513	550130
3513	550190
3513	550200
3513	550310
3513	550320
3513	550330
3513	550340
3513	550390
3513	550410
3513	550490
3211	550510
3211	550520
3513	550610
3513	550620
3513	550630
3513	550690
3211	550700
3211	550810
3211	550820
3211	550911
3211	550912
3211	550921
3211	550922
3211	550931
3211	550932
3211	550941
3211	550942
3211	550951
3211	550952
3211	550953
3211	550959
3211	550961
3211	550962
3211	550969
3211	550991
3211	550992
3211	550999
3211	551011
3211	551012
3211	551020
3211	551030
3211	551090
3211	551110
3211	551120
3211	551130
3211	551211
3211	551219
3211	551221
3211	551229
3211	551291
3211	551299
3211	551311
3211	551312
3211	551313
3211	551319
3211	551321
3211	551322
3211	551323
3211	551329
3211	551331
3211	551332
3211	551333
3211	551339
3211	551341
3211	551342
3211	551343
3211	551349
3211	551411
3211	551412
3211	551413
3211	551419
3211	551421
3211	551422
3211	551423
3211	551429
3211	551431
3211	551432
3211	551433
3211	551439
3211	551441
3211	551442
3211	551443
3211	551449
3211	551511
3211	551512
3211	551513
3211	551519
3211	551521
3211	551522
3211	551529
3211	551591
3211	551592
3211	551599
3211	551611
3211	551612
3211	551613
3211	551614
3211	551621
3211	551622
3211	551623
3211	551624
3211	551631
3211	551632
3211	551633
3211	551634
3211	551641
3211	551642
3211	551643
3211	551644
3211	551691
3211	551692
3211	551693
3211	551694
3219	560110
3219	560121
3219	560122
3219	560129
3219	560130
3212	560210
3212	560221
3212	560229
3212	560290
3212	560300
3559	560410
3211	560420
3559	560490
3211	560500
3211	560600
3215	560710
3215	560721
3215	560729
3215	560730
3215	560741
3215	560749
3215	560750
3215	560790
3215	560811
3215	560819
3215	560890
3215	560900
3214	570110
3214	570190
3214	570210
3214	570220
3214	570231
3214	570232
3214	570239
3214	570241
3214	570242
3214	570249
3214	570251
3214	570252
3214	570259
3214	570291
3214	570292
3214	570299
3214	570310
3214	570320
3214	570330
3214	570390
3214	570410
3214	570490
3214	570500
3211	580110
3211	580121
3211	580122
3211	580123
3211	580124
3211	580125
3211	580126
3211	580131
3211	580132
3211	580133
3211	580134
3211	580135
3211	580136
3211	580190
3211	580211
3211	580219
3211	580220
3211	580230
3211	580310
3211	580390
3211	580410
3211	580421
3211	580429
3211	580430
3212	580500
3211	580610
3211	580620
3211	580631
3211	580632
3211	580639
3211	580640
3211	580710
3212	580790
3211	580810
3211	580890
3211	580900
3212	581010
3212	581091
3212	581092
3212	581099
3211	581100
3219	590110
3219	590190
3559	590210
3559	590220
3559	590290
3219	590310
3219	590320
3219	590390
3219	590410
3219	590491
3219	590492
3219	590500
3559	590610
3559	590691
3559	590699
3219	590700
3219	590800
3219	590900
3219	591000
3219	591110
3219	591120
3219	591131
3219	591132
3219	591140
3219	591190
3213	600110
3213	600121
3213	600122
3213	600129
3213	600191
3213	600192
3213	600199
3213	600210
3213	600220
3213	600230
3213	600241
3213	600242
3213	600243
3213	600249
3213	600291
3213	600292
3213	600293
3213	600299
3220	610110
3220	610120
3220	610130
3220	610190
3220	610210
3220	610220
3220	610230
3220	610290
3220	610311
3220	610312
3220	610319
3220	610321
3220	610322
3220	610323
3220	610329
3220	610331
3220	610332
3220	610333
3220	610339
3220	610341
3220	610342
3220	610343
3220	610349
3220	610411
3220	610412
3220	610413
3220	610419
3220	610421
3220	610422
3220	610423
3220	610429
3220	610431
3220	610432
3220	610433
3220	610439
3220	610441
3220	610442
3220	610443
3220	610444
3220	610449
3220	610451
3220	610452
3220	610453
3220	610459
3220	610461
3220	610462
3220	610463
3220	610469
3220	610510
3220	610520
3220	610590
3220	610610
3220	610620
3220	610690
3220	610711
3220	610712
3220	610719
3220	610721
3220	610722
3220	610729
3220	610791
3220	610792
3220	610799
3220	610811
3220	610819
3220	610821
3220	610822
3220	610829
3220	610831
3220	610832
3220	610839
3220	610891
3220	610892
3220	610899
3220	610910
3220	610990
3220	611010
3220	611020
3220	611030
3220	611090
3220	611110
3220	611120
3220	611130
3220	611190
3220	611211
3220	611212
3220	611219
3220	611220
3220	611231
3220	611239
3220	611241
3220	611249
3220	611300
3220	611410
3220	611420
3220	611430
3220	611490
3220	611511
3220	611512
3220	611519
3220	611520
3220	611591
3220	611592
3220	611593
3220	611599
3220	611610
3220	611691
3220	611692
3220	611693
3220	611699
3220	611710
3220	611720
3220	611780
3220	611790
3220	620111
3220	620112
3220	620113
3220	620119
3220	620191
3220	620192
3220	620193
3220	620199
3220	620211
3220	620212
3220	620213
3220	620219
3220	620291
3220	620292
3220	620293
3220	620299
3220	620311
3220	620312
3220	620319
3220	620321
3220	620322
3220	620323
3220	620329
3220	620331
3220	620332
3220	620333
3220	620339
3220	620341
3220	620342
3220	620343
3220	620349
3220	620411
3220	620412
3220	620413
3220	620419
3220	620421
3220	620422
3220	620423
3220	620429
3220	620431
3220	620432
3220	620433
3220	620439
3220	620441
3220	620442
3220	620443
3220	620444
3220	620449
3220	620451
3220	620452
3220	620453
3220	620459
3220	620461
3220	620462
3220	620463
3220	620469
3220	620510
3220	620520
3220	620530
3220	620590
3220	620610
3220	620620
3220	620630
3220	620640
3220	620690
3220	620711
3220	620719
3220	620721
3220	620722
3220	620729
3220	620791
3220	620792
3220	620799
3220	620811
3220	620819
3220	620821
3220	620822
3220	620829
3220	620891
3220	620892
3220	620899
3220	620910
3220	620920
3220	620930
3220	620990
3220	621010
3220	621020
3220	621030
3220	621040
3220	621050
3220	621111
3220	621112
3220	621120
3220	621131
3220	621132
3220	621133
3220	621139
3220	621141
3220	621142
3220	621143
3220	621149
3220	621210
3220	621220
3220	621230
3220	621290
3220	621310
3220	621320
3220	621390
3220	621410
3220	621420
3220	621430
3220	621440
3220	621490
3220	621510
3220	621520
3220	621590
3220	621600
3220	621710
3220	621790
3212	630110
3212	630120
3212	630130
3212	630140
3212	630190
3212	630210
3212	630221
3212	630222
3212	630229
3212	630231
3212	630232
3212	630239
3212	630240
3212	630251
3212	630252
3212	630253
3212	630259
3212	630260
3212	630291
3212	630292
3212	630293
3212	630299
3212	630311
3212	630312
3212	630319
3212	630391
3212	630392
3212	630399
3212	630411
3212	630419
3212	630491
3212	630492
3212	630493
3212	630499
3212	630510
3212	630520
3212	630531
3212	630539
3212	630590
3212	630611
3212	630612
3212	630619
3212	630621
3212	630622
3212	630629
3212	630631
3212	630639
3212	630641
3212	630649
3212	630691
3212	630699
3212	630710
3212	630720
3212	630790
3211	630800
3211	630900
3211	631010
3211	631090
3560	640110
3560	640191
3560	640192
3560	640199
3560	640211
3560	640219
3560	640220
3560	640230
3560	640291
3560	640299
3240	640311
3240	640319
3240	640320
3240	640330
3240	640340
3240	640351
3240	640359
3240	640391
3240	640399
3240	640411
3240	640419
3240	640420
3240	640510
3240	640520
3240	640590
3233	640610
3233	640620
3233	640691
3233	640699
3220	650100
3220	650200
3220	650300
3220	650400
3220	650510
3220	650590
3220	650610
3220	650691
3220	650692
3220	650699
3220	650700
3909	660110
3909	660191
3909	660199
3909	660200
3909	660310
3909	660320
3909	660390
3909	670100
3909	670210
3909	670290
3909	670300
3909	670411
3909	670419
3909	670420
3909	670490
3699	680100
3699	680210
3699	680221
3699	680222
3699	680223
3699	680229
3699	680291
3699	680292
3699	680293
3699	680299
3699	680300
3699	680410
3699	680421
3699	680422
3699	680423
3699	680430
3699	680510
3699	680520
3699	680530
3699	680610
3699	680620
3699	680690
3540	680710
3540	680790
3699	680800
3699	680911
3699	680919
3699	680990
3699	681011
3699	681019
3699	681020
3699	681091
3699	681099
3699	681110
3699	681120
3699	681130
3699	681190
3699	681210
3699	681220
3699	681230
3699	681240
3699	681250
3699	681260
3699	681270
3699	681290
3699	681310
3699	681390
3699	681410
3699	681490
3699	681510
3699	681520
3699	681591
3699	681599
3691	690100
3691	690210
3691	690220
3691	690290
3699	690310
3699	690320
3699	690390
3691	690410
3691	690490
3691	690510
3691	690590
3691	690600
3691	690710
3691	690790
3691	690810
3691	690890
3610	690911
3610	690919
3610	690990
3610	691010
3610	691090
3610	691110
3610	691190
3610	691200
3610	691310
3610	691390
3610	691410
3610	691490
3620	700100
3620	700210
3620	700220
3620	700231
3620	700232
3620	700239
3620	700311
3620	700319
3620	700320
3620	700330
3620	700410
3620	700490
3620	700510
3620	700521
3620	700529
3620	700530
3620	700600
3620	700711
3620	700719
3620	700721
3620	700729
3620	700800
3620	700910
3620	700991
3620	700992
3620	701010
3620	701090
3620	701110
3620	701120
3620	701190
3620	701200
3620	701310
3620	701321
3620	701329
3620	701331
3620	701332
3620	701339
3620	701391
3620	701399
3620	701400
3620	701510
3620	701590
3620	701610
3620	701690
3620	701710
3620	701720
3620	701790
3620	701810
3620	701820
3620	701890
3211	701910
3211	701920
3620	701931
3620	701932
3620	701939
3620	701990
3620	702000
1301	710110
1301	710121
1301	710122
2909	710210
2909	710221
2909	710229
3901	710231
3901	710239
3901	710310
3901	710391
3901	710399
3511	710410
3511	710420
3511	710490
3699	710510
3699	710590
3720	710610
3720	710691
3720	710692
3720	710700
3720	710811
3720	710812
3720	710813
9999	710820
3720	710900
3720	711011
3720	711019
3720	711021
3720	711029
3720	711031
3720	711039
3720	711041
3720	711049
3720	711100
3901	711210
3901	711220
3901	711290
3901	711311
3901	711319
3901	711320
3901	711411
3901	711419
3901	711420
3901	711510
3901	711590
3901	711610
3901	711620
3909	711711
3909	711719
3909	711790
3901	711810
9999	711890
3710	720110
3710	720120
3710	720130
3710	720140
3710	720211
3710	720219
3710	720221
3710	720229
3710	720230
3710	720241
3710	720249
3710	720250
3710	720260
3710	720270
3710	720280
3710	720291
3710	720292
3710	720293
3710	720299
3710	720310
3710	720390
9999	720410
9999	720421
9999	720429
9999	720430
9999	720441
9999	720449
3710	720450
3710	720510
3710	720521
3710	720529
3710	720610
3710	720690
3710	720711
3710	720712
3710	720719
3710	720720
3710	720811
3710	720812
3710	720813
3710	720814
3710	720821
3710	720822
3710	720823
3710	720824
3710	720831
3710	720832
3710	720833
3710	720834
3710	720835
3710	720841
3710	720842
3710	720843
3710	720844
3710	720845
3710	720890
3710	720911
3710	720912
3710	720913
3710	720914
3710	720921
3710	720922
3710	720923
3710	720924
3710	720931
3710	720932
3710	720933
3710	720934
3710	720941
3710	720942
3710	720943
3710	720944
3710	720990
3710	721011
3710	721012
3710	721020
3710	721031
3710	721039
3710	721041
3710	721049
3710	721050
3710	721060
3710	721070
3710	721090
3710	721111
3710	721112
3710	721119
3710	721121
3710	721122
3710	721129
3710	721130
3710	721141
3710	721149
3710	721190
3710	721210
3710	721221
3710	721229
3710	721230
3710	721240
3710	721250
3710	721260
3710	721310
3710	721320
3710	721331
3710	721339
3710	721341
3710	721349
3710	721350
3710	721410
3710	721420
3710	721430
3710	721440
3710	721450
3710	721460
3710	721510
3710	721520
3710	721530
3710	721540
3710	721590
3710	721610
3710	721621
3710	721622
3710	721631
3710	721632
3710	721633
3710	721640
3710	721650
3710	721660
3710	721690
3710	721711
3710	721712
3710	721713
3710	721719
3710	721721
3710	721722
3710	721723
3710	721729
3710	721731
3710	721732
3710	721733
3710	721739
3710	721810
3710	721890
3710	721911
3710	721912
3710	721913
3710	721914
3710	721921
3710	721922
3710	721923
3710	721924
3710	721931
3710	721932
3710	721933
3710	721934
3710	721935
3710	721990
3710	722011
3710	722012
3710	722020
3710	722090
3710	722100
3710	722210
3710	722220
3710	722230
3710	722240
3710	722300
3710	722410
3710	722490
3710	722510
3710	722520
3710	722530
3710	722540
3710	722550
3710	722590
3710	722610
3710	722620
3710	722691
3710	722692
3710	722699
3710	722710
3710	722720
3710	722790
3710	722810
3710	722820
3710	722830
3710	722840
3710	722850
3710	722860
3710	722870
3710	722880
3710	722910
3710	722920
3710	722990
3710	730110
3710	730120
3710	730210
3710	730220
3710	730230
3710	730240
3710	730290
3710	730300
3710	730410
3710	730420
3710	730431
3710	730439
3710	730441
3710	730449
3710	730451
3710	730459
3710	730490
3710	730511
3710	730512
3710	730519
3710	730520
3710	730531
3710	730539
3710	730590
3710	730610
3710	730620
3710	730630
3710	730640
3710	730650
3710	730660
3710	730690
3710	730711
3710	730719
3710	730721
3710	730722
3710	730723
3710	730729
3710	730791
3710	730792
3710	730793
3710	730799
3813	730810
3813	730820
3813	730830
3813	730840
3813	730890
3813	730900
3819	731010
3819	731021
3819	731029
3813	731100
3710	731210
3710	731290
3710	731300
3819	731411
3819	731419
3819	731420
3819	731430
3819	731441
3819	731442
3819	731449
3819	731450
3819	731511
3819	731512
3819	731519
3819	731520
3819	731581
3819	731582
3819	731589
3819	731590
3811	731600
3819	731700
3819	731811
3819	731812
3819	731813
3819	731814
3819	731815
3819	731816
3819	731819
3819	731821
3819	731822
3819	731823
3819	731824
3819	731829
3819	731910
3909	731920
3909	731930
3819	731990
3819	732010
3819	732020
3819	732090
3819	732111
3819	732112
3819	732113
3819	732181
3819	732182
3819	732183
3819	732190
3819	732211
3819	732219
3819	732290
3819	732310
3819	732391
3819	732392
3819	732393
3819	732394
3819	732399
3819	732410
3819	732421
3819	732429
3819	732490
3710	732510
3710	732591
3710	732599
3710	732611
3710	732619
3811	732620
3811	732690
3720	740110
3720	740120
3720	740200
3720	740311
3720	740312
3720	740313
3720	740319
3720	740321
3720	740322
3720	740323
3720	740329
3720	740400
3720	740500
3720	740610
3720	740620
3720	740710
3720	740721
3720	740722
3720	740729
3720	740811
3720	740819
3720	740821
3720	740822
3720	740829
3720	740911
3720	740919
3720	740921
3720	740929
3720	740931
3720	740939
3720	740940
3720	740990
3720	741011
3720	741012
3720	741021
3720	741022
3720	741110
3720	741121
3720	741122
3720	741129
3720	741210
3720	741220
3720	741300
3819	741410
3819	741490
3819	741510
3819	741521
3819	741529
3819	741531
3819	741532
3819	741539
3819	741600
3819	741700
3819	741810
3819	741820
3819	741910
3819	741991
3819	741999
3720	750110
3720	750120
3720	750210
3720	750220
3720	750300
3720	750400
3720	750511
3720	750512
3720	750521
3720	750522
3720	750610
3720	750620
3720	750711
3720	750712
3720	750720
3819	750800
3720	760110
3720	760120
3720	760200
3720	760310
3720	760320
3720	760410
3720	760421
3720	760429
3720	760511
3720	760519
3720	760521
3720	760529
3720	760611
3720	760612
3720	760691
3720	760692
3720	760711
3720	760719
3720	760720
3720	760810
3720	760820
3720	760900
3813	761010
3813	761090
3813	761100
3819	761210
3819	761290
3813	761300
3720	761410
3720	761490
3819	761510
3819	761520
3819	761610
3819	761690
3720	780110
3720	780191
3720	780199
3720	780200
3720	780300
3720	780411
3720	780419
3720	780420
3720	780500
3819	780600
3720	790111
3720	790112
3720	790120
3720	790200
3720	790310
3720	790390
3720	790400
3720	790500
3720	790600
3819	790710
3819	790790
3720	800110
3720	800120
3720	800200
3720	800300
3720	800400
3720	800510
3720	800520
3720	800600
3819	800700
3720	810110
3720	810191
3819	810192
3819	810193
3819	810199
3720	810210
3720	810291
3819	810292
3819	810293
3819	810299
3720	810310
3819	810390
3720	810411
3720	810419
3720	810420
3819	810430
3819	810490
3720	810510
3819	810590
3720	810600
3720	810710
3819	810790
3720	810810
3819	810890
3720	810910
3819	810990
3720	811000
3720	811100
3720	811211
3819	811219
3720	811220
3720	811230
3720	811240
3720	811291
3819	811299
3720	811300
3811	820110
3811	820120
3811	820130
3811	820140
3811	820150
3811	820160
3811	820190
3811	820210
3811	820220
3811	820231
3811	820232
3811	820240
3811	820291
3811	820299
3811	820310
3811	820320
3811	820330
3811	820340
3811	820411
3811	820412
3811	820420
3811	820510
3811	820520
3811	820530
3811	820540
3811	820551
3811	820559
3811	820560
3811	820570
3811	820580
3811	820590
3811	820600
3811	820711
3811	820712
3811	820720
3811	820730
3811	820740
3811	820750
3811	820760
3811	820770
3811	820780
3811	820790
3811	820810
3811	820820
3811	820830
3811	820840
3811	820890
3823	820900
3811	821000
3811	821110
3811	821191
3811	821192
3811	821193
3811	821194
3811	821210
3811	821220
3811	821290
3811	821300
3811	821410
3811	821420
3811	821490
3811	821510
3811	821520
3811	821591
3811	821599
3811	830110
3811	830120
3811	830130
3811	830140
3811	830150
3811	830160
3811	830170
3811	830210
3811	830220
3811	830230
3811	830241
3811	830242
3811	830249
3811	830250
3811	830260
3819	830300
3812	830400
3819	830510
3819	830520
3819	830590
3819	830610
3819	830621
3819	830629
3819	830630
3819	830710
3819	830790
3819	830810
3819	830820
3819	830890
3819	830910
3819	830990
3819	831000
3819	831110
3819	831120
3819	831130
3819	831190
3813	840110
3829	840120
3813	840130
3813	840140
3813	840211
3813	840212
3813	840219
3813	840220
3813	840290
3819	840310
3819	840390
3813	840410
3813	840420
3813	840490
3829	840510
3829	840590
3821	840611
3821	840619
3821	840690
3845	840710
3841	840721
3841	840729
3843	840731
3843	840732
3843	840733
3843	840734
3821	840790
3841	840810
3843	840820
3821	840890
3845	840910
3829	840991
3829	840999
3821	841011
3821	841012
3821	841013
3821	841090
3845	841111
3845	841112
3845	841121
3845	841122
3821	841181
3821	841182
3845	841191
3821	841199
3845	841210
3821	841221
3821	841229
3821	841231
3821	841239
3821	841280
3821	841290
3829	841311
3829	841319
3829	841320
3829	841330
3829	841340
3829	841350
3829	841360
3829	841370
3829	841381
3829	841382
3829	841391
3829	841392
3829	841410
3829	841420
3829	841430
3829	841440
3833	841451
3829	841459
3829	841460
3829	841480
3829	841490
3829	841510
3829	841581
3829	841582
3829	841583
3829	841590
3829	841610
3829	841620
3829	841630
3829	841690
3829	841710
3829	841720
3829	841780
3829	841790
3829	841810
3829	841821
3829	841822
3829	841829
3829	841830
3829	841840
3829	841850
3829	841861
3829	841869
3829	841891
3829	841899
3829	841911
3829	841919
3829	841920
3829	841931
3829	841932
3829	841939
3829	841940
3829	841950
3829	841960
3829	841981
3829	841989
3829	841990
3829	842010
3829	842091
3829	842099
3829	842111
3829	842112
3829	842119
3829	842121
3829	842122
3829	842123
3829	842129
3829	842131
3829	842139
3829	842191
3829	842199
3833	842211
3829	842219
3829	842220
3829	842230
3829	842240
3829	842290
3825	842310
3825	842320
3825	842330
3825	842381
3825	842382
3825	842389
3825	842390
3829	842410
3829	842420
3829	842430
3829	842481
3829	842489
3829	842490
3829	842511
3829	842519
3829	842520
3829	842531
3829	842539
3829	842541
3829	842542
3829	842549
3829	842611
3829	842612
3829	842619
3829	842620
3829	842630
3829	842641
3829	842649
3829	842691
3829	842699
3829	842710
3829	842720
3829	842790
3829	842810
3829	842820
3829	842831
3829	842832
3829	842833
3829	842839
3829	842840
3829	842850
3829	842860
3829	842890
3824	842911
3824	842919
3824	842920
3824	842930
3824	842940
3824	842951
3824	842952
3824	842959
3824	843010
3824	843020
3824	843031
3824	843039
3824	843041
3824	843049
3824	843050
3824	843061
3824	843062
3824	843069
3829	843110
3829	843120
3829	843131
3829	843139
3824	843141
3824	843142
3824	843143
3829	843149
3822	843210
3822	843221
3822	843229
3822	843230
3822	843240
3822	843280
3822	843290
3822	843311
3822	843319
3822	843320
3822	843330
3822	843340
3822	843351
3822	843352
3822	843353
3822	843359
3822	843360
3822	843390
3822	843410
3822	843420
3822	843490
3822	843510
3822	843590
3822	843610
3822	843621
3822	843629
3822	843680
3822	843691
3822	843699
3822	843710
3824	843780
3824	843790
3824	843810
3824	843820
3824	843830
3824	843840
3824	843850
3824	843860
3824	843880
3824	843890
3824	843910
3824	843920
3824	843930
3824	843991
3824	843999
3824	844010
3824	844090
3824	844110
3824	844120
3824	844130
3824	844140
3824	844180
3824	844190
3824	844210
3824	844220
3824	844230
3824	844240
3824	844250
3824	844311
3824	844312
3824	844319
3824	844321
3824	844329
3824	844330
3824	844340
3824	844350
3824	844360
3824	844390
3824	844400
3824	844511
3824	844512
3824	844513
3824	844519
3824	844520
3824	844530
3824	844540
3824	844590
3824	844610
3824	844621
3824	844629
3824	844630
3824	844711
3824	844712
3824	844720
3824	844790
3824	844811
3824	844819
3824	844820
3824	844831
3824	844832
3824	844833
3824	844839
3824	844841
3824	844842
3824	844849
3824	844851
3824	844859
3824	844900
3829	845011
3829	845012
3829	845019
3824	845020
3824	845090
3824	845110
3829	845121
3824	845129
3824	845130
3824	845140
3824	845150
3824	845180
3824	845190
3829	845210
3829	845221
3829	845229
3829	845230
3829	845240
3829	845290
3824	845310
3824	845320
3824	845380
3824	845390
3823	845410
3823	845420
3823	845430
3823	845490
3823	845510
3823	845521
3823	845522
3823	845530
3823	845590
3824	845610
3823	845620
3823	845630
3823	845690
3823	845710
3823	845720
3823	845730
3823	845811
3823	845819
3823	845891
3823	845899
3823	845910
3823	845921
3823	845929
3823	845931
3823	845939
3823	845940
3823	845951
3823	845959
3823	845961
3823	845969
3823	845970
3823	846011
3823	846019
3823	846021
3823	846029
3823	846031
3823	846039
3823	846040
3823	846090
3823	846110
3823	846120
3823	846130
3823	846140
3823	846150
3823	846190
3823	846210
3823	846221
3823	846229
3823	846231
3823	846239
3823	846241
3823	846249
3823	846291
3823	846299
3823	846310
3823	846320
3823	846330
3823	846390
3824	846410
3824	846420
3824	846490
3823	846510
3823	846591
3823	846592
3823	846593
3823	846594
3823	846595
3823	846596
3823	846599
3823	846610
3823	846620
3823	846630
3824	846691
3824	846692
3823	846693
3823	846694
3829	846711
3829	846719
3829	846781
3829	846789
3829	846791
3829	846792
3829	846799
3823	846810
3823	846820
3824	846880
3824	846890
3825	846910
3825	846921
3825	846929
3825	846931
3825	846939
3825	847010
3825	847021
3825	847029
3825	847030
3825	847040
3825	847050
3825	847090
3825	847110
3825	847120
3825	847191
3825	847192
3825	847193
3825	847199
3825	847210
3825	847220
3825	847230
3825	847290
3825	847310
3825	847321
3825	847329
3825	847330
3825	847340
3824	847410
3824	847420
3824	847431
3824	847432
3824	847439
3824	847480
3824	847490
3824	847510
3824	847520
3824	847590
3829	847611
3829	847619
3829	847690
3824	847710
3824	847720
3824	847730
3824	847740
3824	847751
3824	847759
3824	847780
3824	847790
3824	847810
3824	847890
3824	847910
3824	847920
3824	847930
3824	847940
3824	847981
3824	847982
3824	847989
3824	847990
3823	848010
3823	848020
3710	848030
3823	848041
3823	848049
3823	848050
3823	848060
3823	848071
3823	848079
3829	848110
3829	848120
3829	848130
3829	848140
3829	848180
3829	848190
3829	848210
3829	848220
3829	848230
3829	848240
3829	848250
3829	848280
3829	848291
3829	848299
3829	848310
3829	848320
3829	848330
3829	848340
3829	848350
3829	848360
3829	848390
3819	848410
3819	848490
3829	848510
3829	848590
3831	850110
3831	850120
3831	850131
3831	850132
3831	850133
3831	850134
3831	850140
3831	850151
3831	850152
3831	850153
3831	850161
3831	850162
3831	850163
3831	850164
3831	850211
3831	850212
3831	850213
3831	850220
3831	850230
3831	850240
3831	850300
3831	850410
3831	850421
3831	850422
3831	850423
3831	850431
3831	850432
3831	850433
3831	850434
3831	850440
3831	850450
3831	850490
3819	850511
3819	850519
3819	850520
3819	850530
3819	850590
3839	850611
3839	850612
3839	850613
3839	850619
3839	850620
3839	850690
3839	850710
3839	850720
3839	850730
3839	850740
3839	850780
3839	850790
3823	850810
3823	850820
3823	850880
3823	850890
3833	850910
3833	850920
3833	850930
3833	850940
3833	850980
3833	850990
3833	851010
3833	851020
3833	851090
3831	851110
3831	851120
3831	851130
3831	851140
3831	851150
3831	851180
3831	851190
3839	851210
3839	851220
3839	851230
3839	851240
3839	851290
3819	851310
3819	851390
3829	851410
3829	851420
3829	851430
3829	851440
3829	851490
3823	851511
3823	851519
3823	851521
3823	851529
3823	851531
3823	851539
3823	851580
3823	851590
3833	851610
3833	851621
3833	851629
3833	851631
3833	851632
3833	851633
3833	851640
3833	851650
3833	851660
3833	851671
3833	851672
3833	851679
3833	851680
3833	851690
3832	851710
3832	851720
3832	851730
3832	851740
3832	851781
3832	851782
3832	851790
3832	851810
3832	851821
3832	851822
3832	851829
3832	851830
3832	851840
3832	851850
3832	851890
3832	851910
3832	851921
3832	851929
3832	851931
3832	851939
3832	851940
3832	851991
3832	851999
3832	852010
3832	852020
3832	852031
3832	852039
3832	852090
3832	852110
3832	852190
3832	852210
3832	852290
3909	852311
3909	852312
3909	852313
3909	852320
3909	852390
3909	852410
3909	852421
3909	852422
3909	852423
3909	852490
3832	852510
3832	852520
3832	852530
3832	852610
3832	852691
3832	852692
3832	852711
3832	852719
3832	852721
3832	852729
3832	852731
3832	852732
3832	852739
3832	852790
3832	852810
3832	852820
3832	852910
3832	852990
3832	853010
3832	853080
3832	853090
3832	853110
3832	853120
3832	853180
3832	853190
3832	853210
3832	853221
3832	853222
3832	853223
3832	853224
3832	853225
3832	853229
3832	853230
3832	853290
3831	853310
3831	853321
3831	853329
3831	853331
3831	853339
3831	853340
3831	853390
3831	853400
3831	853510
3831	853521
3831	853529
3831	853530
3831	853540
3831	853590
3831	853610
3831	853620
3831	853630
3831	853641
3831	853649
3831	853650
3831	853661
3831	853669
3831	853690
3831	853710
3831	853720
3831	853810
3831	853890
3839	853910
3839	853921
3839	853922
3839	853929
3839	853931
3839	853939
3839	853940
3839	853990
3832	854011
3832	854012
3832	854020
3832	854030
3832	854041
3832	854042
3832	854049
3832	854081
3832	854089
3832	854091
3832	854099
3832	854110
3832	854121
3832	854129
3832	854130
3832	854140
3832	854150
3832	854160
3832	854190
3832	854211
3832	854219
3832	854220
3832	854280
3832	854290
3851	854310
3839	854320
3839	854330
3839	854380
3839	854390
3839	854411
3839	854419
3839	854420
3839	854430
3839	854441
3839	854449
3839	854451
3839	854459
3839	854460
3620	854470
3839	854511
3839	854519
3839	854520
3839	854590
3610	854610
3620	854620
3560	854690
3620	854710
3560	854720
3610	854790
3839	854800
3842	860110
3842	860120
3842	860210
3842	860290
3842	860310
3842	860390
3842	860400
3842	860500
3842	860610
3842	860620
3842	860630
3842	860691
3842	860692
3842	860699
3842	860711
3842	860712
3842	860719
3842	860721
3842	860729
3842	860730
3842	860791
3842	860799
3813	860800
3843	860900
3822	870110
3843	870120
3822	870130
3822	870190
3843	870210
3843	870290
3843	870310
3843	870321
3843	870322
3843	870323
3843	870324
3843	870331
3843	870332
3843	870333
3843	870390
3843	870410
3843	870421
3843	870422
3843	870423
3843	870431
3843	870432
3843	870490
3843	870510
3843	870520
3843	870530
3843	870540
3843	870590
3843	870600
3843	870710
3843	870790
3843	870810
3843	870821
3843	870829
3843	870831
3843	870839
3843	870840
3843	870850
3843	870860
3843	870870
3843	870880
3843	870891
3843	870892
3843	870893
3843	870894
3843	870899
3829	870911
3829	870919
3829	870990
3829	871000
3844	871110
3844	871120
3844	871130
3844	871140
3844	871150
3844	871190
3844	871200
3844	871310
3844	871390
3844	871411
3844	871419
3844	871420
3844	871491
3844	871492
3844	871493
3844	871494
3844	871495
3844	871496
3844	871499
3849	871500
3829	871610
3843	871620
3843	871631
3843	871639
3844	871640
3844	871680
3843	871690
3845	880110
3845	880190
3845	880211
3845	880212
3845	880220
3845	880230
3845	880240
3845	880250
3845	880310
3845	880320
3845	880330
3845	880390
3212	880400
3829	880510
3829	880520
3841	890110
3841	890120
3841	890130
3841	890190
3841	890200
3841	890310
3841	890391
3841	890392
3841	890399
3841	890400
3841	890510
3841	890520
3841	890590
3841	890600
3841	890710
3841	890790
3841	890800
3852	900110
3852	900120
3852	900130
3852	900140
3852	900150
3852	900190
3852	900211
3852	900219
3852	900220
3852	900290
3852	900311
3852	900319
3852	900390
3852	900410
3852	900490
3852	900510
3852	900580
3852	900590
3852	900610
3852	900620
3852	900630
3852	900640
3852	900651
3852	900652
3852	900653
3852	900659
3852	900661
3852	900662
3852	900669
3852	900691
3852	900699
3852	900711
3852	900719
3852	900721
3852	900729
3852	900791
3852	900792
3852	900810
3852	900820
3852	900830
3852	900840
3852	900890
3825	900911
3825	900912
3825	900921
3825	900922
3825	900930
3825	900990
3852	901010
3852	901020
3852	901030
3852	901090
3852	901110
3852	901120
3852	901180
3852	901190
3852	901210
3852	901290
3852	901310
3852	901320
3852	901380
3852	901390
3851	901410
3851	901420
3851	901480
3851	901490
3851	901510
3851	901520
3851	901530
3851	901540
3851	901580
3851	901590
3851	901600
3851	901710
3851	901720
3851	901730
3851	901780
3851	901790
3832	901811
3832	901819
3832	901820
3851	901831
3851	901832
3851	901839
3851	901841
3851	901849
3851	901850
3851	901890
3851	901910
3851	901920
3851	902000
3852	902111
3852	902119
3852	902121
3852	902129
3852	902130
3851	902140
3852	902150
3852	902190
3832	902211
3832	902219
3832	902221
3832	902229
3832	902230
3832	902290
3851	902300
3851	902410
3851	902480
3851	902490
3851	902511
3851	902519
3851	902520
3851	902580
3851	902590
3851	902610
3851	902620
3851	902680
3851	902690
3851	902710
3851	902720
3851	902730
3851	902740
3851	902750
3851	902780
3851	902790
3851	902810
3851	902820
3851	902830
3851	902890
3851	902910
3851	902920
3851	902990
3851	903010
3851	903020
3851	903031
3851	903039
3851	903040
3851	903081
3851	903089
3851	903090
3851	903110
3851	903120
3851	903130
3851	903140
3851	903180
3851	903190
3851	903210
3851	903220
3851	903281
3851	903289
3851	903290
3851	903300
3853	910111
3853	910112
3853	910119
3853	910121
3853	910129
3853	910191
3853	910199
3853	910211
3853	910212
3853	910219
3853	910221
3853	910229
3853	910291
3853	910299
3853	910310
3853	910390
3853	910400
3853	910511
3853	910519
3853	910521
3853	910529
3853	910591
3853	910599
3853	910610
3853	910620
3853	910690
3853	910700
3853	910811
3853	910812
3853	910819
3853	910820
3853	910891
3853	910899
3853	910911
3853	910919
3853	910990
3853	911011
3853	911012
3853	911019
3853	911090
3853	911110
3853	911120
3853	911180
3853	911190
3853	911210
3853	911280
3853	911290
3901	911310
3901	911320
3901	911390
3853	911410
3853	911420
3853	911430
3853	911440
3853	911490
3902	920110
3902	920120
3902	920190
3902	920210
3902	920290
3902	920300
3902	920410
3902	920420
3902	920510
3902	920590
3902	920600
3902	920710
3902	920790
3902	920810
3902	920890
3902	920910
3902	920920
3902	920930
3902	920991
3902	920992
3902	920993
3902	920994
3902	920999
3829	930100
3829	930200
3829	930310
3829	930320
3829	930330
3829	930390
3829	930400
3829	930510
3829	930521
3829	930529
3829	930590
3829	930610
3829	930621
3829	930629
3829	930630
3829	930690
3829	930700
3320	940110
3320	940120
3320	940130
3320	940140
3320	940150
3320	940161
3320	940169
3320	940171
3320	940179
3320	940180
3320	940190
3851	940210
3851	940290
3812	940310
3812	940320
3320	940330
3320	940340
3320	940350
3320	940360
3320	940370
3320	940380
3320	940390
3320	940410
3320	940421
3320	940429
3320	940430
3320	940490
3819	940510
3819	940520
3909	940530
3819	940540
3819	940550
3620	940560
3620	940591
3560	940592
3620	940599
3311	940600
3844	950100
3560	950210
3560	950291
3560	950299
3909	950310
3909	950320
3909	950330
3909	950341
3909	950349
3909	950350
3909	950360
3909	950370
3909	950380
3909	950390
3909	950410
3909	950420
3909	950430
3909	950440
3909	950490
3909	950510
3909	950590
3903	950611
3903	950612
3903	950619
3903	950621
3903	950629
3903	950631
3903	950632
3903	950639
3903	950640
3903	950651
3903	950659
3903	950661
3903	950662
3903	950669
3903	950670
3909	950691
3903	950699
3903	950710
3903	950720
3903	950730
3903	950790
3829	950800
3909	960110
3909	960190
3909	960200
3909	960310
3909	960321
3909	960329
3909	960330
3909	960340
3909	960350
3909	960390
3851	960400
3233	960500
3909	960610
3909	960621
3909	960622
3909	960629
3909	960630
3909	960711
3909	960719
3909	960720
3909	960810
3909	960820
3909	960831
3909	960839
3909	960840
3909	960850
3909	960860
3909	960891
3909	960899
3909	960910
3909	960920
3909	960990
3699	961000
3909	961100
3909	961210
3909	961220
3909	961310
3909	961320
3909	961330
3909	961380
3909	961390
3909	961410
3909	961420
3909	961490
3909	961511
3909	961519
3909	961590
3909	961610
3909	961620
3811	961700
3909	961800
9999	970110
3560	970190
9999	970200
9999	970300
9999	970400
9999	970500
9999	970600
